id: RF-C2
description: RF classifier 200 trees, scan tau on OOB profit
mean_profit: 7.101097601487462
median_profit: 5.029597556845315
mean_sharpe: 5.035846855225418
mean_drawdown: -0.1267259526993786
mean_win_rate: 0.4046979865771812
mean_f1: 0.773275278044264
oob_accuracy: 0.7431046931407942