id: RF-C3
description: RF classifier 500 trees, tau via F1, OOB importance
mean_profit: 4.937751972745521
median_profit: 3.8375972591890846
mean_sharpe: 3.976746162674427
mean_drawdown: -0.21276965963686112
mean_win_rate: 0.4704697986577181
mean_f1: 0.803717029296239
oob_accuracy: 0.7457761732851986