id: RF-R2
description: RF regressor 200 trees, medium max_features, OOB
mean_profit: 4.7820757132608405
median_profit: 3.316236575400511
mean_sharpe: 4.044493261682438
mean_drawdown: -0.1811179524077367
mean_win_rate: 0.3546979865771812
mean_mae: 0.015177737700923778
mean_rmse: 0.023800558978094053
oob_mae: 0.013848997035193072
oob_rmse: 0.022839832810860737