id: T-C2
description: Medium DecisionTreeClassifier, scan tau to maximize profit
mean_profit: 1.0027823331981516
median_profit: 0.9344009174238697
mean_sharpe: 1.726113894992417
mean_drawdown: -0.23865531310649732
mean_win_rate: 0.34731543624161076
mean_f1: 0.5768958026958071