id: T-C3
description: Deeper DecisionTreeClassifier, tau from F1
mean_profit: 2.155790019231648
median_profit: 1.9991495520242852
mean_sharpe: 2.1535842733497566
mean_drawdown: -0.2604389933110007
mean_win_rate: 0.4543624161073826
mean_f1: 0.6974641367275826