id: T-R1
description: Shallow DecisionTreeRegressor, buy if y_hat>0
mean_profit: 0.03989579832504009
median_profit: 0.03989579832504009
mean_sharpe: 0.27255832390141965
mean_drawdown: -0.26692498422176114
mean_win_rate: 0.29
mean_mae: 0.020258992852108217
mean_rmse: 0.028324733139421743