id: T-R1
description: Shallow DecisionTreeRegressor, buy if y_hat>0
mean_profit: 0.5917150868152569
median_profit: 0.5434241317554327
mean_sharpe: 0.9413522684459815
mean_drawdown: -0.336963873115815
mean_win_rate: 0.4503333333333333
mean_mae: 0.020383077866807493
mean_rmse: 0.029439362893062544