id: T-R2
description: Medium depth DecisionTreeRegressor, buy if y_hat>cost
mean_profit: 2.084410302414815
median_profit: 2.084410302414815
mean_sharpe: 2.7094055139067605
mean_drawdown: -0.19813187159507295
mean_win_rate: 0.5268456375838926
mean_mae: 0.018101262308088246
mean_rmse: 0.025290601146195957